imgW equ 32
imgH equ 32
img DB 16, 16, 16, 16, 16, 16, 16, 16, 16, 16, 16, 16, 16, 16, 16, 16, 16, 16, 16, 16, 16, 16, 16, 16, 16, 16, 16, 16, 16, 16, 16, 16, 16, 16, 16, 16, 16, 16, 16, 16 
 DB 16, 16, 16, 20, 20, 20, 20, 20, 20, 20, 20, 20, 20, 16, 16, 16, 16, 16, 16, 16, 16, 16, 16, 16, 16, 16, 16, 16, 16, 16, 16, 16, 245, 244, 244, 244, 20, 21, 166, 164 
 DB 164, 165, 167, 20, 20, 20, 21, 20, 16, 16, 16, 16, 16, 16, 16, 16, 16, 16, 16, 16, 16, 16, 19, 244, 244, 20, 164, 66, 14, 14, 14, 14, 14, 14, 14, 67, 66, 24, 21, 21 
 DB 21, 20, 16, 16, 16, 16, 16, 16, 16, 16, 16, 16, 16, 245, 244, 20, 25, 14, 14, 14, 14, 14, 14, 14, 14, 14, 14, 14, 14, 14, 67, 26, 21, 21, 21, 16, 16, 16, 16, 16 
 DB 16, 16, 16, 16, 245, 245, 244, 26, 14, 14, 14, 14, 14, 14, 14, 24, 24, 67, 14, 14, 14, 14, 14, 14, 27, 21, 21, 21, 16, 16, 16, 16, 16, 16, 16, 244, 245, 20, 20, 244 
 DB 25, 14, 14, 14, 14, 67, 21, 21, 21, 21, 67, 14, 14, 14, 14, 26, 21, 160, 21, 21, 21, 16, 16, 16, 16, 16, 16, 245, 20, 12, 12, 135, 20, 14, 14, 14, 14, 26, 20, 12 
 DB 12, 21, 25, 14, 14, 14, 67, 21, 160, 12, 12, 21, 21, 16, 16, 16, 16, 16, 243, 245, 136, 12, 12, 12, 244, 66, 14, 14, 14, 164, 135, 12, 12, 160, 164, 14, 14, 14, 66, 21 
 DB 12, 12, 12, 160, 21, 21, 16, 16, 16, 16, 245, 245, 136, 12, 12, 12, 244, 14, 14, 14, 26, 21, 20, 135, 137, 21, 167, 26, 67, 14, 67, 21, 12, 12, 12, 12, 21, 21, 16, 16 
 DB 16, 16, 245, 245, 20, 160, 160, 20, 164, 14, 14, 164, 20, 164, 165, 20, 20, 164, 164, 21, 25, 14, 14, 164, 21, 22, 22, 21, 21, 21, 16, 16, 16, 16, 245, 245, 165, 20, 20, 164 
 DB 14, 14, 14, 67, 67, 14, 14, 25, 25, 14, 14, 67, 67, 14, 14, 67, 24, 22, 21, 23, 21, 21, 16, 16, 16, 16, 21, 244, 164, 14, 14, 14, 14, 14, 14, 14, 14, 14, 66, 20 
 DB 20, 66, 14, 14, 14, 14, 14, 14, 68, 68, 68, 24, 21, 21, 16, 16, 16, 16, 16, 244, 20, 14, 14, 14, 67, 164, 24, 67, 14, 14, 14, 66, 66, 14, 14, 14, 67, 25, 25, 67 
 DB 68, 68, 67, 21, 21, 16, 16, 16, 16, 16, 16, 245, 244, 66, 14, 14, 165, 20, 20, 165, 14, 14, 14, 14, 14, 14, 14, 14, 164, 21, 21, 164, 68, 68, 66, 21, 21, 16, 16, 16 
 DB 16, 16, 16, 104, 244, 26, 14, 14, 20, 20, 26, 21, 14, 14, 14, 14, 14, 14, 14, 14, 22, 26, 21, 21, 68, 68, 27, 21, 104, 16, 16, 16, 16, 16, 16, 16, 244, 25, 14, 14 
 DB 164, 20, 26, 25, 14, 14, 14, 14, 14, 14, 14, 14, 25, 26, 21, 25, 68, 68, 25, 21, 16, 16, 16, 16, 16, 16, 16, 16, 244, 164, 14, 14, 14, 66, 66, 14, 14, 14, 14, 14 
 DB 14, 14, 14, 14, 14, 66, 66, 68, 68, 68, 24, 21, 16, 16, 16, 16, 16, 16, 16, 16, 244, 20, 14, 14, 14, 14, 14, 14, 14, 14, 14, 14, 14, 14, 14, 14, 14, 68, 68, 68 
 DB 68, 67, 21, 21, 16, 16, 16, 16, 16, 16, 16, 16, 20, 20, 27, 14, 14, 14, 14, 14, 14, 14, 14, 14, 14, 14, 14, 14, 68, 68, 68, 68, 68, 66, 21, 21, 16, 16, 16, 16 
 DB 16, 16, 16, 20, 244, 20, 164, 14, 14, 14, 14, 14, 14, 14, 14, 14, 14, 14, 14, 14, 68, 68, 68, 68, 68, 23, 21, 21, 21, 16, 16, 16, 16, 16, 20, 20, 21, 164, 20, 67 
 DB 14, 14, 14, 14, 14, 14, 14, 14, 14, 14, 14, 68, 68, 68, 68, 68, 67, 21, 25, 22, 21, 174, 16, 16, 16, 104, 244, 20, 67, 14, 25, 67, 14, 14, 14, 14, 14, 14, 14, 14 
 DB 14, 14, 14, 68, 68, 68, 68, 68, 67, 25, 68, 67, 21, 175, 104, 16, 16, 244, 20, 20, 14, 14, 14, 14, 25, 27, 14, 14, 14, 14, 14, 14, 14, 14, 14, 68, 68, 67, 27, 25 
 DB 68, 68, 68, 67, 175, 174, 174, 16, 16, 244, 20, 20, 26, 14, 14, 14, 164, 20, 21, 25, 66, 14, 14, 14, 14, 14, 67, 67, 25, 22, 21, 24, 68, 68, 68, 66, 174, 174, 174, 16 
 DB 245, 20, 20, 20, 164, 14, 14, 14, 67, 21, 20, 20, 20, 21, 164, 164, 164, 164, 21, 21, 21, 21, 22, 67, 68, 68, 68, 24, 174, 174, 174, 175, 20, 20, 20, 20, 20, 14, 14, 67 
 DB 165, 20, 20, 16, 20, 20, 21, 21, 21, 21, 21, 21, 16, 21, 21, 23, 67, 68, 67, 22, 174, 174, 174, 174, 244, 20, 20, 20, 20, 26, 26, 21, 20, 20, 16, 16, 16, 16, 16, 16 
 DB 16, 16, 16, 16, 16, 16, 21, 21, 22, 27, 26, 174, 174, 174, 174, 174, 20, 20, 20, 20, 20, 20, 20, 20, 20, 16, 16, 16, 16, 16, 16, 16, 16, 16, 16, 16, 16, 16, 16, 152 
 DB 21, 175, 174, 174, 174, 174, 174, 22, 20, 20, 20, 20, 20, 20, 20, 16, 16, 16, 16, 16, 16, 16, 16, 16, 16, 16, 16, 16, 16, 16, 16, 16, 16, 175, 175, 174, 174, 174, 22, 22 
 DB 244, 20, 20, 20, 220, 16, 16, 16, 16, 16, 16, 16, 16, 16, 16, 16, 16, 16, 16, 16, 16, 16, 16, 16, 16, 16, 16, 147, 175, 174, 174, 174, 16, 16, 16, 16, 16, 16, 16, 16 
 DB 16, 16, 16, 16, 16, 16, 16, 16, 16, 16, 16, 16, 16, 16, 16, 16, 16, 16, 16, 16, 16, 16, 16, 16
