imgW equ 64
imgH equ 64
img DB 31, 31, 31, 31, 31, 31, 31, 31, 31, 31, 31, 31, 31, 31, 31, 31, 31, 31, 31, 31, 31, 31, 31, 31, 31, 31, 31, 31, 19, 19, 19, 19, 19, 31, 31, 31, 31, 31, 31, 31 
 DB 31, 31, 31, 31, 31, 19, 19, 19, 19, 19, 19, 19, 19, 31, 19, 19, 19, 19, 244, 19, 19, 31, 31, 31, 31, 31, 31, 31, 31, 31, 31, 31, 31, 31, 31, 31, 31, 31, 31, 31 
 DB 31, 31, 31, 31, 31, 31, 31, 31, 31, 31, 31, 19, 19, 137, 6, 138, 19, 19, 31, 31, 31, 31, 31, 31, 31, 31, 31, 31, 31, 19, 236, 138, 137, 19, 19, 19, 16, 31, 246, 19 
 DB 31, 19, 31, 19, 19, 31, 31, 31, 31, 31, 31, 31, 31, 31, 31, 31, 31, 31, 31, 31, 31, 31, 31, 31, 31, 31, 31, 31, 31, 31, 31, 31, 31, 31, 31, 19, 19, 6, 42, 42 
 DB 19, 19, 31, 31, 31, 31, 31, 31, 31, 31, 31, 31, 31, 19, 139, 42, 42, 19, 19, 31, 31, 31, 31, 31, 31, 31, 31, 31, 31, 31, 31, 31, 31, 31, 31, 31, 31, 31, 31, 31 
 DB 31, 31, 31, 31, 31, 31, 31, 31, 31, 31, 31, 31, 31, 31, 31, 31, 31, 31, 31, 19, 19, 236, 235, 235, 19, 19, 19, 19, 19, 19, 19, 19, 19, 19, 19, 19, 19, 19, 235, 235 
 DB 236, 19, 19, 224, 31, 31, 31, 31, 31, 31, 31, 31, 31, 31, 31, 31, 31, 31, 31, 31, 31, 31, 31, 31, 31, 31, 31, 31, 31, 31, 31, 31, 31, 31, 31, 31, 31, 31, 31, 31 
 DB 31, 243, 19, 19, 236, 138, 138, 138, 138, 138, 138, 138, 138, 138, 138, 138, 138, 138, 138, 138, 138, 138, 138, 138, 138, 236, 19, 19, 19, 31, 31, 31, 31, 31, 31, 31, 31, 31, 31, 31 
 DB 31, 31, 31, 31, 31, 31, 31, 31, 31, 31, 31, 31, 31, 31, 31, 31, 31, 31, 31, 31, 31, 31, 31, 31, 16, 19, 235, 6, 42, 42, 42, 42, 42, 42, 42, 42, 42, 42, 42, 42 
 DB 42, 42, 42, 42, 42, 42, 42, 42, 42, 42, 42, 236, 19, 19, 31, 31, 31, 31, 31, 31, 31, 31, 31, 31, 31, 31, 31, 31, 31, 31, 31, 31, 31, 31, 31, 31, 31, 31, 31, 31 
 DB 31, 31, 31, 31, 31, 31, 31, 31, 19, 19, 6, 42, 42, 42, 42, 42, 42, 42, 42, 42, 42, 42, 42, 42, 42, 42, 42, 42, 42, 42, 42, 42, 42, 42, 42, 42, 235, 19, 31, 31 
 DB 31, 31, 31, 31, 31, 31, 31, 31, 31, 31, 31, 31, 31, 31, 31, 31, 31, 31, 31, 31, 31, 31, 31, 31, 31, 31, 31, 31, 31, 31, 31, 31, 19, 137, 42, 42, 42, 42, 42, 42 
 DB 42, 42, 42, 42, 42, 42, 42, 42, 42, 42, 42, 42, 42, 42, 42, 42, 42, 42, 42, 42, 6, 19, 19, 31, 31, 31, 31, 31, 31, 31, 31, 31, 31, 31, 31, 31, 31, 31, 31, 31 
 DB 31, 31, 31, 31, 31, 31, 31, 31, 31, 31, 31, 31, 31, 31, 31, 20, 19, 6, 42, 42, 42, 42, 42, 42, 42, 42, 42, 42, 42, 42, 138, 236, 42, 42, 42, 42, 42, 42, 42, 42 
 DB 42, 42, 42, 42, 6, 19, 19, 31, 31, 31, 31, 31, 31, 31, 31, 31, 31, 31, 31, 31, 31, 31, 31, 31, 31, 31, 31, 31, 31, 31, 31, 31, 31, 31, 31, 31, 31, 31, 31, 19 
 DB 19, 6, 42, 42, 42, 42, 42, 42, 42, 42, 42, 138, 235, 19, 19, 138, 42, 42, 42, 42, 42, 42, 42, 42, 42, 42, 42, 42, 42, 19, 19, 31, 31, 31, 31, 31, 31, 31, 31, 31 
 DB 31, 31, 31, 31, 31, 31, 31, 31, 31, 31, 31, 31, 31, 31, 31, 31, 31, 31, 31, 31, 31, 31, 31, 19, 19, 6, 42, 42, 42, 42, 42, 42, 139, 236, 19, 19, 138, 6, 42, 42 
 DB 42, 42, 42, 42, 42, 42, 42, 42, 42, 42, 42, 42, 42, 19, 19, 31, 31, 31, 31, 31, 31, 31, 31, 31, 31, 31, 31, 31, 31, 31, 31, 31, 31, 31, 31, 31, 31, 31, 31, 31 
 DB 31, 31, 31, 31, 31, 31, 31, 19, 19, 6, 42, 42, 42, 6, 236, 19, 19, 138, 6, 42, 42, 42, 42, 42, 42, 42, 42, 42, 42, 42, 42, 42, 42, 42, 42, 42, 42, 19, 19, 31 
 DB 31, 31, 31, 31, 31, 31, 31, 31, 31, 31, 31, 31, 31, 31, 31, 31, 31, 31, 31, 31, 31, 31, 31, 31, 31, 31, 31, 31, 31, 31, 31, 19, 19, 139, 6, 236, 19, 19, 137, 6 
 DB 42, 42, 42, 42, 42, 42, 42, 42, 42, 42, 42, 42, 42, 42, 42, 42, 42, 42, 42, 42, 42, 19, 19, 31, 31, 31, 31, 31, 31, 31, 31, 31, 31, 31, 31, 31, 31, 31, 31, 31 
 DB 31, 31, 31, 31, 31, 31, 31, 31, 31, 31, 31, 31, 31, 31, 19, 19, 19, 19, 19, 137, 6, 42, 42, 42, 42, 42, 42, 42, 42, 42, 42, 42, 42, 42, 42, 42, 42, 42, 42, 42 
 DB 42, 42, 42, 42, 42, 19, 19, 31, 31, 31, 31, 31, 31, 31, 31, 31, 31, 31, 31, 31, 31, 31, 31, 31, 31, 31, 31, 31, 31, 31, 31, 31, 31, 31, 31, 19, 19, 19, 19, 19 
 DB 137, 6, 42, 42, 42, 42, 42, 42, 42, 42, 42, 42, 42, 42, 42, 42, 42, 42, 42, 42, 42, 42, 42, 42, 42, 42, 42, 42, 140, 19, 19, 31, 31, 31, 31, 31, 31, 31, 31, 31 
 DB 31, 31, 31, 31, 31, 31, 31, 31, 31, 31, 31, 31, 31, 31, 31, 31, 243, 19, 19, 19, 19, 137, 6, 42, 42, 42, 42, 42, 42, 42, 42, 42, 42, 42, 42, 42, 42, 42, 42, 42 
 DB 42, 42, 42, 42, 42, 42, 42, 42, 42, 42, 42, 42, 138, 19, 21, 31, 31, 31, 31, 31, 31, 31, 31, 31, 31, 31, 31, 31, 31, 31, 31, 31, 31, 31, 31, 31, 31, 243, 19, 19 
 DB 19, 19, 236, 6, 42, 42, 42, 42, 42, 42, 42, 42, 42, 42, 42, 42, 42, 42, 42, 42, 42, 42, 42, 42, 42, 42, 42, 42, 42, 42, 42, 42, 42, 42, 42, 6, 19, 19, 31, 31 
 DB 31, 31, 31, 31, 31, 31, 31, 31, 31, 31, 31, 31, 31, 31, 31, 31, 31, 31, 19, 19, 19, 19, 19, 236, 6, 42, 42, 42, 42, 42, 42, 42, 42, 42, 42, 42, 42, 42, 42, 42 
 DB 42, 42, 42, 42, 42, 42, 42, 42, 42, 42, 42, 42, 42, 42, 42, 42, 42, 42, 42, 139, 19, 31, 31, 31, 31, 31, 31, 31, 31, 31, 31, 31, 31, 31, 31, 31, 31, 31, 31, 31 
 DB 31, 243, 19, 19, 235, 140, 43, 43, 43, 43, 42, 42, 42, 42, 42, 42, 42, 42, 42, 42, 42, 42, 42, 42, 42, 42, 42, 42, 42, 42, 42, 42, 42, 42, 42, 42, 42, 42, 42, 42 
 DB 42, 42, 42, 139, 19, 31, 31, 31, 31, 31, 31, 31, 31, 31, 31, 31, 31, 31, 31, 31, 31, 31, 31, 31, 31, 16, 19, 19, 19, 138, 140, 43, 43, 43, 43, 43, 42, 42, 42, 42 
 DB 42, 42, 42, 42, 42, 42, 42, 42, 42, 42, 42, 42, 42, 42, 42, 42, 42, 42, 42, 42, 42, 42, 42, 42, 42, 42, 42, 139, 19, 31, 31, 31, 31, 31, 31, 31, 31, 31, 31, 31 
 DB 31, 31, 31, 31, 31, 31, 31, 31, 31, 31, 31, 244, 19, 19, 19, 236, 140, 43, 43, 43, 42, 42, 42, 42, 42, 42, 140, 42, 42, 42, 42, 42, 42, 42, 42, 42, 42, 42, 42, 42 
 DB 42, 42, 42, 42, 42, 42, 42, 42, 42, 42, 42, 139, 19, 31, 31, 31, 31, 31, 31, 31, 31, 31, 31, 31, 31, 31, 31, 31, 31, 31, 31, 31, 31, 31, 31, 31, 31, 31, 19, 19 
 DB 19, 235, 42, 42, 42, 42, 42, 42, 138, 235, 236, 42, 42, 42, 42, 42, 42, 42, 42, 42, 42, 42, 42, 42, 42, 42, 42, 42, 42, 42, 42, 42, 42, 42, 42, 139, 19, 31, 31, 31 
 DB 31, 31, 31, 31, 31, 31, 31, 31, 31, 31, 31, 31, 31, 31, 31, 31, 31, 31, 31, 31, 31, 19, 19, 19, 235, 6, 42, 42, 42, 42, 42, 42, 6, 236, 19, 236, 6, 42, 42, 42 
 DB 42, 42, 42, 42, 42, 42, 42, 42, 42, 42, 42, 42, 42, 42, 42, 42, 42, 42, 42, 139, 19, 31, 31, 31, 31, 31, 31, 31, 31, 31, 31, 31, 31, 31, 31, 31, 31, 31, 31, 31 
 DB 31, 31, 31, 246, 19, 19, 235, 6, 42, 42, 42, 42, 42, 42, 42, 42, 42, 42, 6, 137, 19, 19, 138, 42, 42, 42, 42, 42, 42, 42, 42, 42, 42, 42, 42, 42, 42, 42, 42, 42 
 DB 42, 42, 42, 139, 19, 31, 31, 31, 31, 31, 31, 31, 31, 31, 31, 31, 31, 31, 31, 31, 31, 31, 31, 31, 31, 246, 19, 19, 235, 6, 42, 42, 42, 42, 42, 42, 42, 42, 42, 42 
 DB 42, 42, 42, 42, 42, 235, 19, 6, 42, 42, 42, 42, 42, 42, 42, 42, 42, 42, 42, 42, 42, 42, 42, 42, 42, 42, 42, 139, 19, 31, 31, 31, 31, 31, 31, 31, 31, 31, 31, 31 
 DB 31, 31, 31, 31, 31, 31, 31, 19, 19, 19, 19, 6, 42, 42, 42, 42, 42, 42, 42, 42, 42, 42, 42, 42, 42, 42, 42, 42, 137, 19, 139, 42, 42, 42, 42, 42, 42, 42, 42, 42 
 DB 42, 42, 42, 42, 42, 42, 42, 42, 42, 42, 42, 139, 19, 31, 31, 31, 31, 31, 31, 31, 31, 31, 31, 31, 31, 31, 31, 31, 31, 19, 19, 19, 19, 139, 42, 42, 42, 42, 42, 42 
 DB 42, 42, 42, 42, 42, 42, 42, 42, 42, 42, 6, 235, 235, 6, 42, 42, 42, 42, 42, 42, 42, 42, 42, 42, 42, 42, 42, 42, 42, 42, 42, 42, 42, 42, 42, 139, 19, 31, 31, 31 
 DB 31, 31, 31, 31, 31, 31, 31, 31, 31, 31, 31, 19, 19, 19, 19, 140, 43, 42, 42, 42, 42, 42, 42, 42, 42, 42, 42, 42, 42, 42, 42, 42, 42, 139, 19, 137, 42, 42, 42, 42 
 DB 42, 42, 19, 138, 42, 42, 42, 42, 42, 6, 235, 138, 42, 42, 42, 42, 42, 42, 42, 139, 19, 31, 31, 31, 31, 31, 31, 31, 31, 31, 31, 31, 31, 31, 31, 19, 19, 19, 140, 43 
 DB 43, 43, 43, 43, 42, 42, 42, 42, 42, 42, 42, 42, 42, 42, 42, 42, 137, 19, 235, 42, 42, 42, 42, 42, 42, 42, 6, 19, 235, 138, 6, 138, 137, 19, 137, 42, 42, 42, 42, 42 
 DB 42, 42, 42, 139, 19, 31, 31, 31, 31, 31, 31, 31, 31, 31, 31, 31, 31, 31, 31, 19, 19, 19, 19, 138, 140, 43, 43, 43, 43, 43, 42, 42, 42, 42, 42, 42, 42, 42, 6, 235 
 DB 19, 19, 236, 42, 42, 42, 42, 42, 42, 42, 42, 42, 138, 236, 19, 235, 138, 6, 42, 42, 42, 42, 42, 42, 42, 42, 42, 139, 19, 31, 31, 31, 31, 31, 31, 31, 31, 31, 31, 31 
 DB 31, 31, 31, 31, 31, 19, 19, 19, 19, 20, 140, 43, 43, 43, 43, 43, 42, 42, 42, 42, 42, 6, 19, 19, 19, 19, 236, 42, 42, 42, 42, 42, 42, 42, 42, 42, 42, 42, 42, 42 
 DB 42, 42, 42, 42, 42, 42, 42, 42, 42, 42, 42, 139, 19, 31, 31, 31, 31, 31, 31, 31, 31, 31, 31, 31, 31, 31, 31, 31, 31, 31, 31, 16, 19, 19, 19, 19, 140, 43, 43, 43 
 DB 43, 43, 43, 42, 138, 19, 19, 19, 31, 19, 236, 42, 42, 42, 42, 42, 42, 42, 42, 42, 42, 42, 42, 42, 42, 42, 42, 42, 42, 42, 42, 42, 42, 42, 42, 139, 19, 31, 31, 31 
 DB 31, 31, 31, 31, 31, 31, 31, 31, 31, 31, 31, 31, 31, 31, 31, 31, 31, 31, 19, 19, 19, 19, 138, 140, 43, 43, 42, 20, 19, 19, 31, 31, 31, 19, 236, 42, 42, 42, 42, 42 
 DB 42, 42, 42, 42, 42, 42, 42, 42, 42, 42, 42, 42, 42, 42, 42, 42, 42, 42, 42, 139, 19, 31, 31, 31, 31, 31, 31, 31, 31, 31, 31, 31, 31, 31, 31, 31, 31, 31, 31, 31 
 DB 31, 31, 31, 31, 19, 19, 19, 19, 20, 140, 19, 19, 19, 31, 31, 31, 31, 19, 236, 42, 42, 42, 42, 42, 42, 42, 19, 138, 42, 42, 42, 42, 42, 6, 235, 138, 42, 42, 42, 42 
 DB 42, 42, 42, 139, 19, 31, 31, 31, 31, 31, 31, 31, 31, 31, 31, 31, 31, 31, 31, 31, 31, 31, 31, 31, 31, 31, 31, 31, 31, 31, 16, 19, 19, 19, 19, 19, 31, 31, 31, 31 
 DB 31, 19, 137, 42, 42, 42, 42, 42, 42, 42, 6, 19, 235, 138, 6, 138, 137, 19, 137, 42, 42, 42, 42, 42, 42, 42, 42, 139, 19, 31, 31, 31, 31, 31, 31, 31, 31, 31, 31, 31 
 DB 31, 31, 31, 31, 31, 31, 31, 31, 31, 31, 31, 31, 31, 31, 31, 31, 31, 19, 31, 31, 31, 31, 31, 31, 31, 19, 137, 42, 42, 42, 42, 42, 42, 42, 42, 42, 138, 137, 19, 235 
 DB 138, 6, 42, 42, 42, 42, 42, 42, 42, 42, 42, 139, 19, 31, 31, 31, 31, 31, 31, 31, 31, 31, 31, 31, 31, 31, 31, 31, 31, 31, 31, 31, 31, 31, 31, 31, 31, 31, 31, 31 
 DB 31, 31, 31, 31, 31, 31, 31, 31, 31, 19, 235, 42, 42, 42, 42, 42, 42, 42, 42, 42, 42, 42, 42, 42, 42, 42, 42, 42, 42, 42, 42, 42, 42, 42, 42, 139, 19, 31, 31, 31 
 DB 31, 31, 31, 31, 31, 31, 31, 31, 31, 31, 31, 31, 31, 31, 31, 31, 31, 31, 31, 31, 31, 31, 31, 31, 31, 31, 31, 31, 31, 31, 31, 31, 31, 19, 19, 42, 42, 42, 42, 42 
 DB 42, 42, 42, 42, 42, 42, 42, 42, 42, 42, 42, 42, 42, 42, 42, 42, 42, 42, 42, 20, 19, 31, 31, 31, 31, 31, 31, 31, 31, 31, 31, 31, 31, 31, 31, 31, 31, 31, 31, 31 
 DB 31, 31, 31, 31, 31, 31, 31, 31, 31, 31, 31, 31, 31, 31, 31, 31, 31, 19, 19, 6, 42, 42, 42, 42, 42, 42, 42, 42, 42, 42, 42, 42, 42, 42, 42, 42, 42, 42, 42, 42 
 DB 42, 42, 42, 19, 19, 31, 31, 31, 31, 31, 31, 31, 31, 31, 31, 31, 31, 31, 31, 31, 31, 31, 31, 31, 31, 31, 31, 31, 31, 31, 31, 31, 31, 31, 31, 31, 31, 31, 31, 31 
 DB 31, 19, 19, 140, 43, 42, 42, 42, 42, 42, 42, 42, 42, 42, 42, 42, 42, 42, 42, 42, 42, 42, 42, 42, 42, 42, 42, 19, 19, 31, 31, 31, 31, 31, 31, 31, 31, 31, 31, 31 
 DB 31, 31, 31, 31, 31, 31, 31, 31, 31, 31, 31, 31, 31, 31, 31, 31, 31, 31, 31, 31, 31, 31, 31, 31, 31, 31, 19, 138, 43, 42, 42, 42, 42, 42, 42, 42, 42, 42, 42, 42 
 DB 42, 42, 42, 42, 42, 42, 42, 42, 42, 43, 140, 19, 19, 31, 31, 31, 31, 31, 31, 31, 31, 31, 31, 31, 31, 31, 31, 31, 31, 31, 31, 31, 31, 31, 31, 31, 31, 31, 31, 31 
 DB 31, 31, 31, 31, 31, 31, 31, 31, 31, 31, 19, 19, 140, 43, 42, 42, 42, 42, 42, 42, 42, 42, 42, 42, 42, 42, 42, 42, 42, 42, 42, 42, 43, 42, 19, 19, 31, 31, 31, 31 
 DB 31, 31, 31, 31, 31, 31, 31, 31, 31, 31, 31, 31, 31, 31, 31, 31, 31, 31, 31, 31, 31, 31, 31, 31, 31, 31, 31, 31, 31, 31, 31, 31, 31, 31, 31, 19, 19, 43, 43, 43 
 DB 42, 42, 42, 42, 42, 42, 42, 42, 42, 42, 42, 42, 42, 42, 42, 43, 43, 20, 19, 19, 31, 31, 31, 31, 31, 31, 31, 31, 31, 31, 31, 31, 31, 31, 31, 31, 31, 31, 31, 31 
 DB 31, 31, 31, 31, 31, 31, 31, 31, 31, 31, 31, 31, 31, 31, 31, 31, 31, 31, 31, 19, 19, 20, 43, 43, 43, 42, 42, 42, 42, 42, 42, 42, 42, 42, 42, 42, 42, 43, 43, 43 
 DB 140, 19, 19, 31, 31, 31, 31, 31, 31, 31, 31, 31, 31, 31, 31, 31, 31, 31, 31, 31, 31, 31, 31, 31, 31, 31, 31, 31, 31, 31, 31, 31, 31, 31, 31, 31, 31, 31, 31, 31 
 DB 31, 31, 31, 31, 19, 19, 138, 43, 43, 43, 43, 43, 43, 42, 42, 42, 42, 43, 43, 43, 43, 43, 43, 139, 19, 19, 31, 31, 31, 31, 31, 31, 31, 31, 31, 31, 31, 31, 31, 31 
 DB 31, 31, 31, 31, 31, 31, 31, 31, 31, 31, 31, 31, 31, 31, 31, 31, 31, 31, 31, 31, 31, 31, 31, 31, 31, 31, 31, 31, 31, 19, 19, 19, 140, 43, 43, 43, 43, 43, 43, 43 
 DB 43, 43, 43, 43, 43, 140, 20, 19, 19, 21, 31, 31, 31, 31, 31, 31, 31, 31, 31, 31, 31, 31, 31, 31, 31, 31, 31, 31, 31, 31, 31, 31, 31, 31, 31, 31, 31, 31, 31, 31 
 DB 31, 31, 31, 31, 31, 31, 31, 31, 31, 31, 31, 31, 16, 19, 19, 236, 19, 138, 140, 42, 43, 43, 43, 43, 43, 43, 43, 140, 139, 19, 236, 19, 19, 243, 31, 31, 31, 31, 31, 31 
 DB 31, 31, 31, 31, 31, 31, 31, 31, 31, 31, 31, 31, 31, 31, 31, 31, 31, 31, 31, 31, 31, 31, 31, 31, 31, 31, 31, 31, 31, 31, 31, 31, 31, 31, 31, 31, 19, 19, 6, 42 
 DB 6, 19, 19, 19, 19, 20, 139, 139, 138, 19, 19, 19, 19, 137, 42, 6, 19, 19, 19, 31, 31, 31, 31, 31, 31, 31, 31, 31, 31, 31, 31, 31, 31, 31, 31, 31, 31, 31, 31, 31 
 DB 31, 31, 31, 31, 31, 31, 31, 31, 31, 31, 31, 31, 31, 31, 31, 31, 31, 31, 31, 19, 19, 6, 42, 42, 42, 19, 19, 19, 19, 19, 19, 19, 19, 19, 19, 19, 19, 6, 42, 42 
 DB 42, 235, 19, 31, 31, 31, 31, 31, 31, 31, 31, 31, 31, 31, 31, 31, 31, 31, 31, 31, 31, 31, 31, 31, 31, 31, 31, 31, 31, 31, 31, 31, 31, 31, 31, 31, 31, 31, 31, 31 
 DB 31, 31, 224, 235, 138, 42, 42, 42, 42, 19, 19, 31, 31, 31, 31, 31, 31, 31, 31, 19, 19, 6, 42, 42, 42, 6, 19, 19, 31, 31, 31, 31, 31, 31, 31, 31, 31, 31, 31, 31 
 DB 31, 31, 31, 31, 31, 31, 31, 31, 31, 31, 31, 31, 31, 31, 31, 31, 31, 31, 31, 31, 31, 31, 31, 31, 31, 31, 19, 19, 42, 42, 42, 42, 42, 235, 19, 31, 31, 31, 31, 31 
 DB 31, 31, 31, 19, 19, 42, 42, 42, 42, 42, 236, 235, 31, 31, 31, 31, 31, 31, 31, 31, 31, 31, 31, 31, 31, 31, 31, 31, 31, 31, 31, 31, 31, 31, 31, 31, 31, 31, 31, 31 
 DB 31, 31, 31, 31, 31, 31, 31, 31, 31, 243, 19, 138, 42, 42, 42, 42, 42, 19, 19, 31, 31, 31, 31, 31, 31, 31, 31, 243, 19, 6, 42, 42, 42, 42, 6, 19, 19, 31, 31, 31 
 DB 31, 31, 31, 31, 31, 31, 31, 31, 31, 31, 31, 31, 31, 31, 31, 31, 31, 31, 31, 31, 31, 31, 31, 31, 31, 31, 31, 31, 31, 31, 31, 31, 31, 19, 19, 42, 42, 42, 42, 42 
 DB 42, 19, 19, 31, 31, 31, 31, 31, 31, 31, 31, 31, 19, 140, 42, 42, 42, 42, 42, 236, 19, 31, 31, 31, 31, 31, 31, 31, 31, 31, 31, 31, 31, 31, 31, 31, 31, 31, 31, 31 
 DB 31, 31, 31, 31, 31, 31, 31, 31, 31, 31, 31, 31, 31, 31, 31, 31, 31, 19, 137, 42, 42, 42, 42, 42, 140, 19, 19, 31, 31, 31, 31, 31, 31, 31, 31, 31, 235, 139, 42, 42 
 DB 42, 42, 42, 6, 19, 19, 31, 31, 31, 31, 31, 31, 31, 31, 31, 31, 31, 31, 31, 31, 31, 31, 31, 31, 31, 31, 31, 31, 31, 31, 31, 31, 31, 31, 31, 31, 31, 31, 31, 31 
 DB 16, 19, 139, 42, 42, 42, 42, 43, 140, 19, 31, 31, 31, 31, 31, 31, 31, 31, 31, 31, 19, 20, 43, 42, 42, 42, 42, 6, 19, 19, 31, 31, 31, 31, 31, 31, 31, 31, 31, 31 
 DB 31, 31, 31, 31, 31, 31, 31, 31, 31, 31, 31, 31, 31, 31, 31, 31, 31, 31, 31, 31, 31, 31, 31, 31, 19, 19, 6, 42, 42, 42, 42, 43, 235, 19, 31, 31, 31, 31, 31, 31 
 DB 31, 31, 31, 31, 19, 19, 140, 43, 42, 42, 42, 42, 19, 19, 31, 31, 31, 31, 31, 31, 31, 31, 31, 31, 31, 31, 31, 31, 31, 31, 31, 31, 31, 31, 31, 31, 31, 31, 31, 31 
 DB 31, 31, 31, 31, 31, 31, 31, 31, 19, 19, 138, 42, 42, 43, 43, 140, 19, 19, 31, 31, 31, 31, 31, 31, 31, 31, 31, 31, 21, 19, 138, 43, 43, 42, 42, 139, 19, 19, 31, 31 
 DB 31, 31, 31, 31, 31, 31, 31, 31, 31, 31, 31, 31, 31, 31, 31, 31, 31, 31, 31, 31, 31, 31, 31, 31, 31, 31, 31, 31, 31, 31, 31, 31, 19, 19, 19, 19, 139, 43, 43, 19 
 DB 19, 31, 31, 31, 31, 31, 31, 31, 31, 31, 31, 31, 31, 19, 19, 140, 43, 140, 235, 19, 19, 19, 31, 31, 31, 31, 31, 31, 31, 31, 31, 31, 31, 31, 31, 31, 31, 31, 31, 31 
 DB 31, 31, 31, 31, 31, 31, 31, 31, 31, 31, 31, 31, 31, 31, 31, 31, 19, 19, 19, 19, 19, 19, 138, 19, 19, 31, 31, 31, 31, 31, 31, 31, 31, 31, 31, 31, 31, 16, 19, 20 
 DB 236, 19, 19, 19, 19, 19, 31, 31, 31, 31, 31, 31, 31, 31, 31, 31, 31, 31, 31, 31, 31, 31, 31, 31, 31, 31, 31, 31, 31, 31, 31, 31, 31, 31, 31, 31, 31, 31, 31, 31 
 DB 19, 19, 19, 19, 19, 19, 19, 19, 31, 31, 31, 31, 31, 31, 31, 31, 31, 31, 31, 31, 31, 31, 19, 19, 19, 19, 19, 19, 19, 19, 31, 31, 31, 31, 31, 31, 31, 31, 31, 31 
 DB 31, 31, 31, 31, 31, 31, 31, 31, 31, 31, 31, 31, 31, 31, 31, 31, 31, 31, 31, 31, 31, 31, 31, 31, 19, 19, 19, 19, 19, 19, 19, 31, 31, 31, 31, 31, 31, 31, 31, 31 
 DB 31, 31, 31, 31, 31, 31, 31, 19, 19, 19, 19, 19, 19, 19, 31, 31, 31, 31, 31, 31, 31, 31, 31, 31, 31, 31, 31, 31, 31, 31, 31, 31, 31, 31, 31, 31, 31, 31, 31, 31 
 DB 31, 31, 31, 31, 31, 31, 31, 31, 31, 19, 19, 19, 19, 19, 16, 31, 31, 31, 31, 31, 31, 31, 31, 31, 31, 31, 31, 31, 31, 31, 31, 31, 19, 19, 19, 19, 19, 19, 31, 31 
 DB 31, 31, 31, 31, 31, 31, 31, 31, 31, 31, 31, 31, 31, 31, 31, 31, 31, 31, 31, 31, 31, 31, 31, 31, 31, 31, 31, 31, 31, 31, 31, 31, 31, 19, 19, 19, 19, 19, 31, 31 
 DB 31, 31, 31, 31, 31, 31, 31, 31, 31, 31, 31, 31, 31, 31, 31, 31, 31, 19, 19, 19, 19, 16, 31, 31, 31, 31, 31, 31, 31, 31, 31, 31, 31, 31, 31, 31, 31, 31, 31, 31 
 DB 31, 31, 31, 31, 31, 31, 31, 31, 31, 31, 31, 31, 31, 31, 31, 31, 31, 19, 19, 19, 16, 31, 31, 31, 31, 31, 31, 31, 31, 31, 31, 31, 31, 31, 31, 31, 31, 31, 31, 31 
 DB 31, 31, 19, 19, 19, 31, 31, 31, 31, 31, 31, 31, 31, 31, 31, 31
